1108.00
1110.00
1112.00
1116.00
1124.00
1130.00
1144.00
1150.00
1160.00
1162.00
1166.00
1178.00
1180.00
1184.00
1186.00
1188.00
1190.00
1202.00
1206.00
1208.00
1214.00
1218.00
1226.00
1230.00
1240.00
1242.00
1246.00
1250.00
1254.00
1258.00
1260.00
1270.00
1280.00
1294.00
1302.00
1304.00
1312.00
1318.00
1320.00
1338.00
1348.00
1364.00
1368.00
1370.00
1388.00
1396.00
1402.00
1406.00
1416.00
1418.00
1422.00
1428.00
1434.00
1444.00
1448.00
1450.00
1468.00
1474.00
1488.00
1498.00
1512.00
1514.00
1520.00
1522.00
1530.00
1538.00
1540.00
1546.00
1548.00
1552.00
1556.00
1558.00
1562.00
1588.00
1590.00
1592.00
1598.00
1600.00
1604.00
1608.00
1616.00
1618.00
1624.00
1628.00
1634.00
1642.00
1648.00
1660.00
1668.00
1670.00
1672.00
1676.00
1704.00
1708.00
1712.00
1722.00
1724.00
1732.00
1744.00
1748.00
1764.00
1766.00
1768.00
1774.00
1780.00
1796.00
1798.00
1804.00
1810.00
1814.00
1818.00
1828.00
1832.00
1834.00
1840.00
1848.00
1858.00
1860.00
1874.00
1878.00
1882.00
1896.00
1910.00
1920.00
1922.00
1928.00
1938.00
1948.00
1972.00
1976.00
1982.00
1984.00
1988.00
2004.00
2008.00
2010.00
2024.00
2026.00
2032.00
2038.00
2040.00
2048.00
2072.00
2076.00
2080.00
2084.00
2094.00
2104.00
2122.00
2126.00
2128.00
2130.00
2132.00
2134.00
2140.00
2142.00
2156.00
2164.00
2166.00
2178.00
2180.00
2186.00
2190.00
2206.00
2212.00
2214.00
2232.00
2236.00
2238.00
2246.00
2250.00
2254.00
2278.00
2282.00
2288.00
2298.00
2316.00
2322.00
2348.00
2366.00
2370.00
2380.00
2384.00
2388.00
2392.00
2396.00
2402.00
2406.00
2408.00
2410.00
2412.00
2422.00
2434.00
2454.00
2462.00
2474.00
2476.00
2482.00
2484.00
2486.00
