0
4
6
8
14
16
17
22
26
30
32
33
34
35
37
38
40
42
50
58
60
61
63
65
66
68
74
75
78
80
82
84
85
86
87
89
93
96
99
113
118
119
122
124
126
129
131
132
133
135
137
144
147
150
152
161
168
170
175
185
190
192
194
195
197
201
206
208
211
214
217
223
225
227
231
233
234
235
239
240
242
245
246
248
249
251
259
262
264
272
275
277
278
281
286
289
290
296
301
309
322
327
330
333
335
336
340
343
347
355
370
379
381
387
389
392
397
400
404
405
407
408
409
410
412
421
424
425
426
428
433
435
437
443
447
456
458
460
461
462
467
468
470
471
473
477
485
488
490
493
494
496
499
501
502
506
519
520
522
528
530
535
537
540
546
549
554
557
561
564
570
584
586
588
592
593
597
604
608
616
617
620
626
629
639
645
646
647
654
658
660
663
664
672
674
676
681
693
696
698
