7
8
16
17
20
25
27
29
31
33
34
36
38
44
45
50
57
63
70
74
75
76
80
81
87
89
96
98
100
104
106
110
118
120
121
128
131
133
138
146
147
148
150
153
155
157
162
164
167
169
171
173
175
185
188
190
198
200
203
204
206
211
216
225
227
229
230
232
238
244
248
253
254
258
259
266
270
271
273
277
278
288
291
294
295
298
300
301
302
306
310
313
318
325
326
328
333
334
339
340
344
345
346
353
354
355
356
359
360
363
366
373
374
375
377
383
384
387
389
391
392
395
397
404
408
411
414
417
424
426
427
428
432
433
434
442
443
446
450
463
469
474
478
480
481
482
483
487
490
491
496
497
499
501
505
506
510
517
520
521
522
528
531
532
534
535
536
538
541
542
546
549
554
559
563
569
570
572
574
575
580
581
582
584
586
588
591
592
593
597
599
606
607
616
617
619
626
627
629
630
631
635
638
639
640
644
645
648
649
651
653
657
659
662
664
667
669
674
675
676
681
687
695
697
