1114.00
1116.00
1132.00
1134.00
1140.00
1150.00
1154.00
1158.00
1162.00
1166.00
1168.00
1172.00
1176.00
1188.00
1190.00
1200.00
1214.00
1226.00
1240.00
1248.00
1250.00
1252.00
1260.00
1262.00
1274.00
1278.00
1292.00
1296.00
1300.00
1308.00
1312.00
1320.00
1336.00
1340.00
1342.00
1356.00
1362.00
1366.00
1376.00
1392.00
1394.00
1396.00
1400.00
1406.00
1410.00
1414.00
1424.00
1428.00
1434.00
1438.00
1442.00
1446.00
1450.00
1470.00
1476.00
1480.00
1496.00
1500.00
1506.00
1508.00
1512.00
1522.00
1532.00
1550.00
1554.00
1558.00
1560.00
1564.00
1576.00
1588.00
1596.00
1606.00
1608.00
1616.00
1618.00
1632.00
1640.00
1642.00
1646.00
1654.00
1656.00
1676.00
1682.00
1688.00
1690.00
1696.00
1700.00
1702.00
1704.00
1712.00
1720.00
1726.00
1736.00
1750.00
1752.00
1756.00
1766.00
1768.00
1778.00
1780.00
1788.00
1790.00
1792.00
1806.00
1808.00
1810.00
1812.00
1818.00
1820.00
1826.00
1832.00
1846.00
1848.00
1850.00
1854.00
1866.00
1868.00
1874.00
1878.00
1882.00
1884.00
1890.00
1894.00
1908.00
1916.00
1922.00
1928.00
1934.00
1948.00
1952.00
1954.00
1956.00
1964.00
1966.00
1968.00
1984.00
1986.00
1992.00
2000.00
2026.00
2038.00
2048.00
2056.00
2060.00
2062.00
2064.00
2066.00
2074.00
2080.00
2082.00
2092.00
2094.00
2098.00
2102.00
2110.00
2112.00
2120.00
2134.00
2140.00
2142.00
2144.00
2156.00
2162.00
2164.00
2168.00
2170.00
2172.00
2176.00
2182.00
2184.00
2192.00
2198.00
2208.00
2218.00
2226.00
2238.00
2240.00
2244.00
2248.00
2250.00
2260.00
2262.00
2264.00
2268.00
2272.00
2276.00
2282.00
2284.00
2286.00
2294.00
2298.00
2312.00
2314.00
2332.00
2334.00
2338.00
2352.00
2354.00
2358.00
2360.00
2362.00
2370.00
2376.00
2378.00
2380.00
2388.00
2390.00
2396.00
2398.00
2402.00
2406.00
2414.00
2418.00
2424.00
2428.00
2434.00
2438.00
2448.00
2450.00
2452.00
2462.00
2474.00
2490.00
2494.00
