0
1
2
3
5
9
11
12
15
17
18
20
21
24
25
28
29
32
34
39
43
45
46
47
51
54
55
56
57
62
63
66
68
71
73
77
78
82
84
87
89
94
97
98
105
106
108
110
111
113
118
119
120
122
125
126
129
131
134
138
139
140
142
143
145
150
151
153
155
157
160
161
166
170
172
173
175
177
178
179
180
181
182
184
185
186
187
188
189
190
192
193
194
195
196
198
200
208
209
210
211
214
219
221
223
226
227
228
233
234
235
236
240
241
243
245
247
248
249
250
253
254
255
257
259
261
262
264
266
268
269
270
272
273
274
275
276
279
283
285
287
288
290
291
293
294
296
299
301
303
305
307
312
313
315
316
317
319
320
321
322
323
325
326
327
328
331
339
340
341
343
344
346
348
350
351
352
353
354
355
358
359
362
365
366
368
369
370
371
372
374
375
376
380
381
382
383
389
390
391
392
393
395
398
400
402
406
410
411
412
413
415
417
419
422
423
425
431
432
436
437
440
442
444
445
449
451
452
453
458
462
463
464
465
466
467
470
475
477
480
481
482
484
485
489
493
494
496
499
502
503
504
505
507
512
513
516
518
520
521
528
529
531
532
535
539
541
542
543
544
545
546
548
551
552
554
560
564
565
567
568
569
570
571
572
574
575
576
577
580
581
582
584
585
589
591
594
595
596
597
598
600
604
605
606
608
610
615
617
618
619
620
621
622
623
625
634
640
641
642
643
644
648
649
651
653
657
658
660
661
662
666
667
668
669
671
674
675
676
680
682
683
686
688
689
691
694
695
697
699
