1100.00
1102.00
1104.00
1106.00
1110.00
1118.00
1122.00
1124.00
1130.00
1134.00
1136.00
1140.00
1142.00
1148.00
1150.00
1156.00
1158.00
1164.00
1168.00
1178.00
1186.00
1190.00
1192.00
1194.00
1202.00
1208.00
1210.00
1212.00
1214.00
1224.00
1226.00
1232.00
1236.00
1242.00
1246.00
1254.00
1256.00
1264.00
1268.00
1274.00
1278.00
1288.00
1294.00
1296.00
1310.00
1312.00
1316.00
1320.00
1322.00
1326.00
1336.00
1338.00
1340.00
1344.00
1350.00
1352.00
1358.00
1362.00
1368.00
1376.00
1378.00
1380.00
1384.00
1386.00
1390.00
1400.00
1402.00
1406.00
1410.00
1414.00
1420.00
1422.00
1432.00
1440.00
1444.00
1446.00
1450.00
1454.00
1456.00
1458.00
1460.00
1462.00
1464.00
1468.00
1470.00
1472.00
1474.00
1476.00
1478.00
1480.00
1484.00
1486.00
1488.00
1490.00
1492.00
1496.00
1500.00
1516.00
1518.00
1520.00
1522.00
1528.00
1538.00
1542.00
1546.00
1552.00
1554.00
1556.00
1566.00
1568.00
1570.00
1572.00
1580.00
1582.00
1586.00
1590.00
1594.00
1596.00
1598.00
1600.00
1606.00
1608.00
1610.00
1614.00
1618.00
1622.00
1624.00
1628.00
1632.00
1636.00
1638.00
1640.00
1644.00
1646.00
1648.00
1650.00
1652.00
1658.00
1666.00
1670.00
1674.00
1676.00
1680.00
1682.00
1686.00
1688.00
1692.00
1698.00
1702.00
1706.00
1710.00
1714.00
1724.00
1726.00
1730.00
1732.00
1734.00
1738.00
1740.00
1742.00
1744.00
1746.00
1750.00
1752.00
1754.00
1756.00
1762.00
1778.00
1780.00
1782.00
1786.00
1788.00
1792.00
1796.00
1800.00
1802.00
1804.00
1806.00
1808.00
1810.00
1816.00
1818.00
1824.00
1830.00
1832.00
1836.00
1838.00
1840.00
1842.00
1844.00
1848.00
1850.00
1852.00
1860.00
1862.00
1864.00
1866.00
1878.00
1880.00
1882.00
1884.00
1886.00
1890.00
1896.00
1900.00
1904.00
1912.00
1920.00
1922.00
1924.00
1926.00
1930.00
1934.00
1938.00
1944.00
1946.00
1950.00
1962.00
1964.00
1972.00
1974.00
1980.00
1984.00
1988.00
1990.00
1998.00
2002.00
2004.00
2006.00
2016.00
2024.00
2026.00
2028.00
2030.00
2032.00
2034.00
2040.00
2050.00
2054.00
2060.00
2062.00
2064.00
2068.00
2070.00
2078.00
2086.00
2088.00
2092.00
2098.00
2104.00
2106.00
2108.00
2110.00
2114.00
2124.00
2126.00
2132.00
2136.00
2140.00
2142.00
2156.00
2158.00
2162.00
2164.00
2170.00
2178.00
2182.00
2184.00
2186.00
2188.00
2190.00
2192.00
2196.00
2202.00
2204.00
2208.00
2220.00
2228.00
2230.00
2234.00
2236.00
2238.00
2240.00
2242.00
2244.00
2248.00
2250.00
2252.00
2254.00
2260.00
2262.00
2264.00
2268.00
2270.00
2278.00
2282.00
2288.00
2290.00
2292.00
2294.00
2296.00
2300.00
2308.00
2310.00
2312.00
2316.00
2320.00
2330.00
2334.00
2336.00
2338.00
2340.00
2342.00
2344.00
2346.00
2350.00
2368.00
2380.00
2382.00
2384.00
2386.00
2388.00
2396.00
2398.00
2402.00
2406.00
2414.00
2416.00
2420.00
2422.00
2424.00
2432.00
2434.00
2436.00
2438.00
2442.00
2448.00
2450.00
2452.00
2460.00
2464.00
2466.00
2472.00
2476.00
2478.00
2482.00
2488.00
2490.00
2494.00
2498.00
